1.0 0.4686932849364791 0.4088021778584392 1.0 1.0 1.0 1.0 1.0 1.0 1.0 1.0 1.0 0.02132486388384755 0.008166969147005444 0.0018148820326678765 0.013611615245009074 0.07758620689655173 1.0 1.0
1.0 1.0 1.0 0.3733075435203095 0.4864603481624758 1.0 1.0 1.0 1.0 1.0 1.0 1.0 0.033849129593810444 0.007736943907156673 0.0029013539651837525 0.012572533849129593 0.08317214700193423 1.0 1.0
1.0 1.0 1.0 1.0 0.5049833887043189 0.35105204872646734 1.0 1.0 1.0 1.0 1.0 1.0 0.02768549280177187 0.013289036544850499 0.0011074197120708748 0.013289036544850499 0.08859357696567 1.0 1.0
1.0 1.0 1.0 0.1936842105263158 1.0 1.0 0.5031578947368421 1.0 1.0 1.0 1.0 1.0 0.029473684210526315 0.00631578947368421 0.002105263157894737 0.004210526315789474 0.08842105263157894 1.0 0.1726315789473684
1.0 1.0 1.0 1.0 1.0 1.0 0.4587251828631139 0.3824451410658307 1.0 1.0 1.0 1.0 0.03657262277951933 0.013584117032392894 0.0041797283176593526 0.01567398119122257 0.08881922675026123 1.0 1.0
1.0 1.0 1.0 1.0 1.0 1.0 1.0 0.5224358974358975 0.3717948717948718 1.0 1.0 1.0 0.03205128205128205 0.00641025641025641 0.003205128205128205 0.016025641025641024 0.04807692307692308 1.0 1.0
1.0 1.0 1.0 1.0 1.0 1.0 0.24431818181818182 1.0 1.0 0.34545454545454546 1.0 1.0 0.03636363636363636 0.011363636363636364 0.003409090909090909 0.011363636363636364 0.12727272727272726 1.0 0.22045454545454546
1.0 1.0 1.0 1.0 1.0 1.0 1.0 1.0 1.0 0.4782608695652174 0.3705103969754253 1.0 0.020793950850661626 0.013232514177693762 0.0 0.017013232514177693 0.1001890359168242 1.0 1.0
1.0 1.0 1.0 1.0 1.0 1.0 1.0 1.0 1.0 1.0 0.5614035087719298 1.0 0.017543859649122806 0.008771929824561403 0.0 0.0 0.017543859649122806 0.39473684210526316 1.0
1.0 1.0 1.0 1.0 1.0 1.0 1.0 1.0 1.0 0.25444596443228457 1.0 0.28454172366621067 0.046511627906976744 0.013679890560875513 0.004103967168262654 0.023255813953488372 0.15321477428180574 1.0 0.22024623803009577
1.0 1.0 1.0 1.0 1.0 1.0 1.0 1.0 1.0 1.0 1.0 0.5482625482625483 0.02702702702702703 0.015444015444015444 0.0 0.023166023166023165 0.07722007722007722 0.3088803088803089 1.0
1.0 1.0 1.0 1.0 1.0 1.0 1.0 1.0 1.0 1.0 1.0 0.2597402597402597 0.045454545454545456 0.017316017316017316 0.004329004329004329 0.021645021645021644 0.19264069264069264 0.21428571428571427 0.24458874458874458
